baard	baard	baard
