humans	human	human
