zocor	zocor	zocor
