harry	harri	harry
