overbilling	overbil	overbilling
