shopping	shop	shopping
