indonesia	indonesia	indonesia
