330	330	330
