resign	resign	resign
