rods	rod	rod
