joey	joey	joey
