nfl	nfl	nfl
