plate	plate	plate
